config/testcase_5/hbv_landscape.txt
ncols         1195
nrows         1550
xllcorner     -75000
yllcorner     6.45e+06
cellsize      1000
NODATA_value  -9999
[rows 0 to 33 of 44, columns 847 to 923 of 1195]
35 1423497 1000000.0000 61.276800 1032.0000 247 1032.0000 1032.0000 0.9573 8.1100 0.0000 0 1 77.9429 4 1 9.2396 1 1 4.7075 0 1.0000 0 1.0000 36 1423498 1000000.0000 61.277630 1202.0000 246 1202.0000 1202.0000 0.9316 2.0000 0.0000 4 2 50.4067 0 2 39.9283 15 2 7.6650 0 1.0000 0 1.0000 37 1423499 1000000.0000 61.278450 1225.0000 246 1225.0000 1225.0000 0.9065 0.1800 0.0000 4 2 64.3900 0 2 35.4300 2 2 0.0000 0 1.0000 0 1.0000 38 1423500 1000000.0000 61.279270 1131.0000
19.5200 0 1.0000 0 1.0000 85 1425897 1000000.0000 61.267070 1158.0000 246 1158.0000 1158.0000 0.8433 0.0000 0.0000 4 1 51.8700 0 1 26.5800 1 1 21.5500 0 1.0000 0 1.0000 86 1425898 1000000.0000 61.267870 1226.0000 246 1226.0000 1226.0000 0.8367 0.0000 0.0000 4 2 71.9800 0 2 26.8900 1 2 1.1300 0 1.0000 0 1.0000 87 1425899 1000000.0000 61.268670 1135.0000 246 1135.0000 1135.0000 0.8502 0.0000 0.0000 4 1 50.8700 0 1 37.5600 1 1 11.5700 0 1.0000 0 1.0000
15 2 30.4578 0 2 16.0604 0 1.0000 0 1.0000 135 1429478 1000000.0000 61.237060 1054.0000 247 1054.0000 1054.0000 0.8635 9.9400 0.0000 4 2 49.5568 0 2 33.0210 15 2 7.4822 0 1.0000 0 1.0000 136 1429479 1000000.0000 61.237870 1138.0000 246 1138.0000 1138.0000 0.8582 0.0000 0.0000 4 2 52.7900 0 2 47.2100 2 2 0.0000 0 1.0000 0 1.0000 137 1429480 1000000.0000 61.238670 1039.0000 247 1039.0000 1039.0000 0.8667 0.0000 0.0000 4 1 54.5176 0 1 30.5717 1 1
0.0000 0.0000 1 5 49.0900 4 5 47.8800 0 5 3.0300 0 1.0000 0 1.0000 185 1431881 1000000.0000 61.229500 974.0000 247 974.0000 974.0000 0.8459 0.0000 0.0000 4 1 60.0929 1 1 23.9402 0 1 15.9669 0 1.0000 0 1.0000 186 1433058 1000000.0000 61.206200 812.0000 247 812.0000 812.0000 0.9916 0.0000 0.0000 8 1 42.9782 7 1 36.2738 1 1 20.7480 0 1.0000 0 1.0000 187 1433059 1000000.0000 61.207020 796.0000 248 796.0000 796.0000 0.9665 0.0000 0.0000 8 1 50.3042
838.0000 247 838.0000 838.0000 0.9213 0.0000 0.0000 8 1 51.8098 7 1 34.1552 1 1 14.0349 0 1.0000 0 1.0000 235 1435454 1000000.0000 61.193220 875.0000 247 875.0000 875.0000 0.9134 0.0000 0.0000 8 1 48.3284 7 1 32.7195 1 1 18.9521 0 1.0000 0 1.0000 236 1435455 1000000.0000 61.194020 890.0000 247 890.0000 890.0000 0.8986 0.0000 0.0000 15 5 38.8759 1 5 35.7342 16 5 25.3899 0 1.0000 0 1.0000 237 1435456 1000000.0000 61.194820 864.0000 247 864.0000 864.0000 0.9066
1.0000 284 1436671 1000000.0000 61.201390 970.0000 247 970.0000 970.0000 0.8384 0.0000 0.0000 15 5 41.9644 1 5 34.3212 0 5 23.7144 0 1.0000 0 1.0000 285 1436672 1000000.0000 61.202130 1051.0000 247 1051.0000 1051.0000 0.8346 0.0000 0.0000 4 2 41.9578 15 2 38.5546 1 2 19.4876 0 1.0000 0 1.0000 286 1437839 1000000.0000 61.171300 873.0000 247 873.0000 873.0000 1.0024 6.0500 0.0000 8 2 54.1935 7 2 32.6735 3 2 7.0831 0 1.0000 0 1.0000 287 1437840 1000000.0000 61.172120
2 22.6608 0 1.0000 0 1.0000 334 1439061 1000000.0000 61.183510 1084.0000 247 1084.0000 1084.0000 0.8311 10.4500 0.0000 4 2 82.1200 0 2 5.1300 1 2 2.3000 0 1.0000 0 1.0000 335 1440230 1000000.0000 61.154260 682.0000 248 682.0000 682.0000 1.0085 1.3800 0.0000 3 2 47.1579 8 2 28.8034 7 2 22.6587 0 1.0000 0 1.0000 336 1440231 1000000.0000 61.155080 581.0000 249 581.0000 581.0000 1.0095 2.1500 0.0000 10 1 33.9601 6 1 32.4299 3 1 31.4600 0 1.0000 0
32.8743 16 2 18.1545 15 2 15.7012 0 1.0000 0 1.0000 384 1442630 1000000.0000 61.144410 916.0000 247 916.0000 916.0000 0.8637 31.7400 0.0000 4 2 34.8772 0 2 17.8794 1 2 15.5034 0 1.0000 0 1.0000 385 1442631 1000000.0000 61.145200 971.0000 247 971.0000 971.0000 0.8561 3.6300 0.0000 4 2 56.2271 0 2 23.6824 15 2 16.4605 0 1.0000 0 1.0000 386 1442632 1000000.0000 61.145980 1019.0000 247 1019.0000 1019.0000 0.8494 0.2900 0.0000 15 2 42.6150 16 2 30.6878 4
0.8212 0.0000 0.0000 4 2 91.6200 1 2 4.5500 0 2 3.8300 0 1.0000 0 1.0000 434 1445015 1000000.0000 61.122570 1003.0000 247 1003.0000 1003.0000 0.9102 0.1100 0.0000 7 2 43.9295 8 2 35.1826 16 2 20.7779 0 1.0000 0 1.0000 435 1445016 1000000.0000 61.123370 927.0000 247 927.0000 927.0000 0.8872 67.6600 0.0000 7 2 13.7733 1 2 9.8371 8 2 8.7296 0 1.0000 0 1.0000 436 1445017 1000000.0000 61.124170 939.0000 247 939.0000 939.0000 0.8831 36.3100 0.0000 7 2
61.123830 963.0000 247 963.0000 963.0000 0.8659 45.7700 0.0000 4 1 41.2900 0 1 7.8800 1 1 5.0600 0 1.0000 0 1.0000 484 1446224 1000000.0000 61.124600 1024.0000 247 1024.0000 1024.0000 0.8688 4.6400 0.0000 0 2 43.8280 15 2 29.4498 1 2 22.0822 0 1.0000 0 1.0000 485 1446225 1000000.0000 61.125360 940.0000 247 940.0000 940.0000 0.8671 2.8800 0.0000 1 2 42.2230 16 2 29.0752 15 2 25.8218 0 1.0000 0 1.0000 486 1446226 1000000.0000 61.126120 847.0000 247 847.0000 847.0000
0 1.0000 533 1447434 1000000.0000 61.126850 963.0000 247 963.0000 963.0000 0.8195 30.5300 0.0000 15 1 26.1421 1 1 23.2277 16 1 20.1002 0 1.0000 0 1.0000 534 1447435 1000000.0000 61.127570 981.0000 247 981.0000 981.0000 0.8158 18.7900 0.0000 15 1 49.0331 16 1 18.9105 1 1 13.2665 0 1.0000 0 1.0000 535 1448557 1000000.0000 61.059090 1541.0000 246 1541.0000 1541.0000 1.2211 0.0000 0.0000 5 2 88.8000 4 2 11.2000 2 2 0.0000 0 1.0000 0 1.0000 536 1448558 1000000.0000
0 1 10.8180 0 1.0000 0 1.0000 583 1449807 1000000.0000 61.096260 974.0000 247 974.0000 974.0000 0.8736 1.8000 0.0000 0 1 43.1906 1 1 40.5130 7 1 14.4964 0 1.0000 0 1.0000 584 1449808 1000000.0000 61.097030 997.0000 247 997.0000 997.0000 0.8740 2.1700 0.0000 1 2 42.2412 0 2 31.6992 4 2 23.8896 0 1.0000 0 1.0000 585 1449809 1000000.0000 61.097790 969.0000 247 969.0000 969.0000 0.8750 0.0000 0.0000 0 2 72.4044 1 2 27.1744 7 2 0.4212 0 1.0000
5 61.0569 1 5 21.2027 2 5 17.7404 0 1.0000 0 1.0000 633 1452145 1000000.0000 61.035040 1676.0000 246 1676.0000 1676.0000 1.2105 0.0000 20.7900 5 2 79.2100 1 2 0.0000 2 2 0.0000 0 1.0000 0 1.0000 634 1452146 1000000.0000 61.035940 1637.0000 246 1637.0000 1637.0000 1.2502 0.0000 0.0000 5 2 100.0000 1 2 0.0000 2 2 0.0000 0 1.0000 0 1.0000 635 1452147 1000000.0000 61.036830 1678.0000 246 1678.0000 1678.0000 1.2182 0.0000 0.0000 5 2 69.8400 4 2 29.6600
1027.0000 0.8778 0.0000 0.0000 0 2 74.6048 1 2 23.2410 14 2 2.1542 0 1.0000 0 1.0000 683 1453396 1000000.0000 61.072510 1008.0000 247 1008.0000 1008.0000 0.8730 0.0000 0.0000 15 2 42.6664 16 2 29.1614 0 2 28.1722 0 1.0000 0 1.0000 684 1453397 1000000.0000 61.073270 877.0000 247 877.0000 877.0000 0.8742 0.0000 0.0000 8 2 35.5137 16 2 32.2616 7 2 32.2247 0 1.0000 0 1.0000 685 1453398 1000000.0000 61.074020 842.0000 247 842.0000 842.0000 0.8720 0.0000 0.0000 8
1000000.0000 61.011860 1829.0000 246 1829.0000 1829.0000 1.2815 0.0000 0.0000 5 2 100.0000 1 2 0.0000 2 2 0.0000 0 1.0000 0 1.0000 733 1455735 1000000.0000 61.012740 1845.0000 246 1845.0000 1845.0000 1.2748 4.0300 0.0000 5 2 95.9700 1 2 0.0000 2 2 0.0000 0 1.0000 0 1.0000 734 1455736 1000000.0000 61.013630 1662.0000 246 1662.0000 1662.0000 1.2857 0.0900 0.0000 5 2 99.0500 4 2 0.8600 2 2 0.0000 0 1.0000 0 1.0000 735 1455737 1000000.0000 61.014510 1264.0000 246 1264.0000
1.0000 0 1.0000 782 1456984 1000000.0000 61.047960 813.0000 248 813.0000 813.0000 0.8807 0.0000 0.0000 8 1 39.0714 9 1 35.5714 7 1 25.3571 0 1.0000 0 1.0000 783 1456985 1000000.0000 61.048710 663.0000 248 663.0000 663.0000 0.8805 1.0400 0.0000 8 1 44.3180 9 1 35.0371 7 1 19.6049 0 1.0000 0 1.0000 784 1456986 1000000.0000 61.049450 744.0000 248 744.0000 744.0000 0.8785 0.0000 0.0000 6 1 42.8480 3 1 29.4451 8 1 27.7069 0 1.0000 0 1.0000 785 1456987
39.7100 0 2 0.3600 0 1.0000 0 1.0000 832 1459367 1000000.0000 61.024780 972.0000 247 972.0000 972.0000 0.8921 2.4900 0.0000 1 2 51.9926 7 2 28.3425 4 2 17.1749 0 1.0000 0 1.0000 833 1459368 1000000.0000 61.025550 959.0000 247 959.0000 959.0000 0.8934 0.9800 0.0000 16 2 34.4348 15 2 33.9687 1 2 30.6165 0 1.0000 0 1.0000 834 1459369 1000000.0000 61.026310 1002.0000 247 1002.0000 1002.0000 0.8914 0.0000 0.0000 15 2 60.7299 16 2 26.8400 1 2 12.4301 0
15 1 68.6779 4 1 18.8601 0 1 12.4620 0 1.0000 0 1.0000 882 1461709 1000000.0000 60.967250 964.0000 247 964.0000 964.0000 1.2321 0.8800 0.0000 16 3 48.7577 4 3 30.2857 15 3 20.0767 0 1.0000 0 1.0000 883 1461710 1000000.0000 60.968140 1059.0000 247 1059.0000 1059.0000 1.2660 6.8200 0.0000 5 2 48.9326 16 2 24.2246 4 2 20.0228 0 1.0000 0 1.0000 884 1461711 1000000.0000 60.969020 1191.0000 246 1191.0000 1191.0000 1.2373 0.0000 0.0000 5 2 48.1143 4 2
609.0000 609.0000 0.8975 0.0000 0.0000 6 1 44.1688 8 1 28.5030 10 1 27.3281 0 1.0000 0 1.0000 932 1462960 1000000.0000 61.004020 517.0000 250 517.0000 517.0000 0.8943 2.4900 0.0000 7 1 41.6429 8 1 29.8644 6 1 26.0027 0 1.0000 0 1.0000 933 1462961 1000000.0000 61.004770 594.0000 249 594.0000 594.0000 0.8951 1.6000 0.0000 9 2 41.5768 8 2 37.2691 7 2 19.5542 0 1.0000 0 1.0000 934 1462962 1000000.0000 61.005510 756.0000 248 756.0000 756.0000 0.8931 0.0000 0.0000
1465271 1000000.0000 60.919480 1265.0000 246 1265.0000 1265.0000 1.4797 15.1900 0.0000 4 2 62.5000 5 2 17.4600 1 2 4.8500 0 1.0000 0 1.0000 982 1465272 1000000.0000 60.920420 1268.0000 246 1268.0000 1268.0000 1.4796 8.9300 0.0000 4 2 90.8300 5 2 0.2400 2 2 0.0000 0 1.0000 0 1.0000 983 1465273 1000000.0000 60.921360 1231.0000 246 1231.0000 1231.0000 1.4897 1.9700 0.0000 4 2 95.6148 5 2 1.5734 1 2 0.8418 0 1.0000 0 1.0000 984 1465274 1000000.0000 60.922290 1227.0000 246
0 1.0000 0 1.0000 1031 1466494 1000000.0000 60.935970 1532.0000 246 1532.0000 1532.0000 1.1893 0.0000 0.0000 5 2 93.5000 4 2 3.8900 0 2 2.6100 0 1.0000 0 1.0000 1032 1466495 1000000.0000 60.936840 1323.0000 246 1323.0000 1323.0000 1.1164 0.0000 0.0000 4 2 60.5800 5 2 33.9700 0 2 5.4500 0 1.0000 0 1.0000 1033 1466496 1000000.0000 60.937710 1116.0000 247 1116.0000 1116.0000 1.1247 0.0000 0.0000 0 2 52.9683 4 2 40.2743 1 2 6.7574 0 1.0000 0 1.0000 1034
1 34.3317 6 1 10.3439 0 1.0000 0 1.0000 1081 1467741 1000000.0000 60.969020 642.0000 249 642.0000 642.0000 0.9008 0.0000 0.0000 7 1 49.5215 8 1 30.3429 11 1 20.1356 0 1.0000 0 1.0000 1082 1467742 1000000.0000 60.969760 526.0000 250 526.0000 526.0000 0.9002 0.9300 0.0000 12 1 55.4878 8 1 27.1637 13 1 16.4185 0 1.0000 0 1.0000 1083 1467743 1000000.0000 60.970500 435.0000 250 435.0000 435.0000 0.9001 2.8100 0.0000 8 1 38.8634 3 1 35.0544 7 1 23.2722
0.0000 5 2 100.0000 1 2 0.0000 2 2 0.0000 0 1.0000 0 1.0000 1131 1471250 1000000.0000 60.878650 1621.0000 246 1621.0000 1621.0000 1.6347 0.0000 0.0000 5 2 100.0000 1 2 0.0000 2 2 0.0000 0 1.0000 0 1.0000 1132 1471252 1000000.0000 60.880510 1475.0000 246 1475.0000 1475.0000 1.5567 0.0000 0.0000 5 2 74.2600 4 2 25.7400 2 2 0.0000 0 1.0000 0 1.0000 1133 1471253 1000000.0000 60.881440 1379.0000 246 1379.0000 1379.0000 1.4116 0.0000 0.0000 4 2 83.8600 5
247 1089.0000 1089.0000 1.1824 14.1900 0.0000 4 2 36.8996 15 2 30.8451 7 2 18.0653 0 1.0000 0 1.0000 1181 1503570 1000000.0000 60.684910 960.0000 247 960.0000 960.0000 1.2105 3.8400 0.0000 7 2 48.2641 15 2 23.9875 4 2 23.9084 0 1.0000 0 1.0000 1182 1503571 1000000.0000 60.685690 937.0000 247 937.0000 937.0000 1.2287 2.0900 0.0000 16 2 37.4300 15 2 36.0962 7 2 24.3837 0 1.0000 0 1.0000 1183 1503572 1000000.0000 60.686470 943.0000 247 943.0000 943.0000 1.2385 5.2600
1230 1507162 1000000.0000 60.663540 844.0000 248 844.0000 844.0000 1.2564 31.5000 0.0000 7 1 28.4733 1 1 21.4209 8 1 18.6058 0 1.0000 0 1.0000 1231 1507163 1000000.0000 60.664310 842.0000 248 842.0000 842.0000 1.2414 20.4800 0.0000 7 1 38.8033 8 1 29.5976 1 1 11.1191 0 1.0000 0 1.0000 1232 1507164 1000000.0000 60.665070 922.0000 247 922.0000 922.0000 1.2258 0.0000 0.0000 7 1 52.2137 8 1 29.4201 1 1 18.3662 0 1.0000 0 1.0000 1233 1507165 1000000.0000 60.665840 933.0000
24.0799 0 1.0000 0 1.0000 1280 1510750 1000000.0000 60.639030 986.0000 247 986.0000 986.0000 1.2127 0.0000 0.0000 1 2 42.1711 15 2 38.8717 4 2 18.9572 0 1.0000 0 1.0000 1281 1510751 1000000.0000 60.639790 1008.0000 247 1008.0000 1008.0000 1.1913 1.5500 0.0000 15 2 47.3871 4 2 31.2108 1 2 19.8521 0 1.0000 0 1.0000 1282 1510754 1000000.0000 60.642050 889.0000 247 889.0000 889.0000 1.1639 0.0000 0.0000 7 1 44.6021 8 1 41.7928 1 1 13.6051 0 1.0000 0 1.0000
6 1 35.3661 1 1 22.2642 0 1.0000 0 1.0000 1330 1513147 1000000.0000 60.626410 840.0000 248 840.0000 840.0000 1.1347 0.0000 0.0000 7 1 40.3673 8 1 30.4487 1 1 29.1840 0 1.0000 0 1.0000 1331 1513148 1000000.0000 60.627150 886.0000 247 886.0000 886.0000 1.1232 0.0000 0.0000 7 1 51.0553 8 1 28.5100 1 1 20.4346 0 1.0000 0 1.0000 1332 1513149 1000000.0000 60.627890 701.0000 249 701.0000 701.0000 1.1154 0.0000 0.0000 7 1 40.8820 8 1 29.6055 1 1
8.1800 0.0000 7 2 57.5351 15 2 20.5278 1 2 13.7571 0 1.0000 0 1.0000 1380 1515539 1000000.0000 60.610010 845.0000 248 845.0000 845.0000 1.1263 5.6000 0.0000 7 2 53.2123 8 2 33.0094 1 2 8.1783 0 1.0000 0 1.0000 1381 1515540 1000000.0000 60.610750 847.0000 248 847.0000 847.0000 1.1135 0.0000 0.0000 8 1 44.5263 7 1 37.2949 6 1 18.1788 0 1.0000 0 1.0000 1382 1515541 1000000.0000 60.611480 777.0000 248 777.0000 777.0000 1.0992 0.0000 0.0000 7 1 51.3262
835.0000 248 835.0000 835.0000 1.2362 0.0000 0.0000 7 2 67.4824 8 2 26.2771 6 2 6.2404 0 1.0000 0 1.0000 1430 1517921 1000000.0000 60.586170 958.0000 247 958.0000 958.0000 1.2303 0.0000 0.0000 7 5 55.5625 1 5 30.7832 8 5 13.6543 0 1.0000 0 1.0000 1431 1517922 1000000.0000 60.586920 1032.0000 247 1032.0000 1032.0000 1.2029 1.7500 0.0000 4 2 67.4353 15 2 17.0801 7 2 13.7346 0 1.0000 0 1.0000 1432 1517923 1000000.0000 60.587680 1031.0000 247 1031.0000 1031.0000 1.1932
1.0000 1479 1519135 1000000.0000 60.591140 709.0000 249 709.0000 709.0000 1.0371 2.1500 0.0000 7 1 39.7083 8 1 32.6759 6 1 25.4659 0 1.0000 0 1.0000 1480 1519136 1000000.0000 60.591850 797.0000 248 797.0000 797.0000 1.0312 0.1800 0.0000 7 2 55.9145 8 2 30.5391 6 2 13.3664 0 1.0000 0 1.0000 1481 1519137 1000000.0000 60.592550 539.0000 250 539.0000 539.0000 1.0205 0.0000 0.0000 7 1 43.0198 8 1 36.5668 11 1 20.4133 0 1.0000 0 1.0000 1482 1520303 1000000.0000 60.562180
2 0.0000 0 1.0000 0 1.0000 1529 1521515 1000000.0000 60.566050 1113.0000 247 1113.0000 1113.0000 1.1143 2.6500 0.0000 4 2 86.9800 0 2 10.3700 2 2 0.0000 0 1.0000 0 1.0000 1530 1521516 1000000.0000 60.566780 1102.0000 247 1102.0000 1102.0000 1.1038 0.9000 0.0000 4 2 87.2100 0 2 11.8900 2 2 0.0000 0 1.0000 0 1.0000 1531 1521517 1000000.0000 60.567510 1098.0000 247 1098.0000 1098.0000 1.0950 5.6200 0.0000 4 2 65.2800 0 2 29.1000 2 2 0.0000 0 1.0000 0
51.1326 7 2 31.8259 12 2 12.4815 0 1.0000 0 1.0000 1579 1523895 1000000.0000 60.540730 587.0000 250 587.0000 587.0000 1.3233 39.2400 0.0000 8 2 35.4433 12 2 14.8499 13 2 10.4667 0 1.0000 0 1.0000 1580 1523896 1000000.0000 60.541480 572.0000 250 572.0000 572.0000 1.3209 53.5600 0.0000 9 1 20.0510 8 1 18.9755 6 1 7.4135 0 1.0000 0 1.0000 1581 1523897 1000000.0000 60.542240 852.0000 248 852.0000 852.0000 1.3145 0.0000 0.0000 8 2 46.7375 7 2 27.5038 9
1.0392 0.1900 0.0000 9 1 55.4000 8 1 27.1255 13 1 17.2844 0 1.0000 0 1.0000 1629 1525111 1000000.0000 60.547140 307.0000 254 307.0000 307.0000 1.0297 3.0300 0.0000 9 1 36.3728 8 1 31.6444 17 1 28.9528 0 1.0000 0 1.0000 1630 1525112 1000000.0000 60.547840 278.0000 254 278.0000 278.0000 1.0248 4.0400 0.0000 9 1 46.1272 8 1 38.8704 7 1 10.9624 0 1.0000 0 1.0000 1631 1525113 1000000.0000 60.548540 358.0000 253 358.0000 358.0000 1.0152 0.7800 0.0000 8 1
60.527840 391.0000 252 391.0000 391.0000 1.0487 0.0000 0.0000 7 1 57.7004 8 1 33.2630 6 1 9.0366 0 1.0000 0 1.0000 1679 1527500 1000000.0000 60.528550 376.0000 252 376.0000 376.0000 1.0399 0.0000 0.0000 8 1 43.6490 7 1 38.1062 6 1 18.2448 0 1.0000 0 1.0000 1680 1527501 1000000.0000 60.529250 501.0000 251 501.0000 501.0000 1.0308 0.0000 0.0000 7 1 48.3747 8 1 34.0721 6 1 17.5532 0 1.0000 0 1.0000 1681 1527502 1000000.0000 60.529960 701.0000 249 701.0000 701.0000
