config/testcase_5/hbv_landscape.txt
ncols         1195
nrows         1550
xllcorner     -75000
yllcorner     6.45e+06
cellsize      1000
NODATA_value  -9999
[rows 0 to 33 of 44, columns 539 to 615 of 1195]
1208.0000 246 1208.0000 1208.0000 0.8557 0.0000 0.0000 0 1 46.2600 4 1 41.2700 1 1 12.4700 0 1.0000 0 1.0000 23 1422309 1000000.0000 61.291450 1301.0000 246 1301.0000 1301.0000 0.8407 0.0000 0.0000 4 2 67.7100 0 2 29.0500 1 2 3.2400 0 1.0000 0 1.0000 24 1422310 1000000.0000 61.292260 1330.0000 246 1330.0000 1330.0000 0.8384 3.3700 0.0000 4 2 86.2000 0 2 10.4300 2 2 0.0000 0 1.0000 0 1.0000 25 1422315 1000000.0000 61.296260 1381.0000 246 1381.0000 1381.0000 0.8441
1.0000 72 1425884 1000000.0000 61.256460 1050.0000 247 1050.0000 1050.0000 1.0203 0.0000 0.0000 0 5 61.8480 15 5 26.3490 1 5 11.8030 0 1.0000 0 1.0000 73 1425885 1000000.0000 61.257290 974.0000 247 974.0000 974.0000 1.0032 1.5300 0.0000 15 5 62.6335 0 5 25.8180 1 5 10.0186 0 1.0000 0 1.0000 74 1425886 1000000.0000 61.258120 954.0000 247 954.0000 954.0000 0.9760 0.0000 0.0000 1 5 38.2126 15 5 37.5026 16 5 24.2847 0 1.0000 0 1.0000 75 1425887 1000000.0000 61.258950
5 24.1300 0 1.0000 0 1.0000 122 1428288 1000000.0000 61.250010 1056.0000 247 1056.0000 1056.0000 0.8521 0.0000 0.0000 1 5 45.4269 4 5 32.9484 0 5 21.6246 0 1.0000 0 1.0000 123 1428289 1000000.0000 61.250800 1044.0000 247 1044.0000 1044.0000 0.8527 0.0000 0.0000 1 5 42.5100 4 5 38.9200 0 5 18.5700 0 1.0000 0 1.0000 124 1428290 1000000.0000 61.251600 1026.0000 247 1026.0000 1026.0000 0.8541 0.0000 0.0000 0 5 50.0800 1 5 35.9000 4 5 14.0200 0 1.0000 0
43.1656 4 2 33.7552 16 2 23.0792 0 1.0000 0 1.0000 172 1431868 1000000.0000 61.219200 1050.0000 247 1050.0000 1050.0000 0.8855 0.0000 0.0000 4 2 39.3015 0 2 35.8896 15 2 24.8089 0 1.0000 0 1.0000 173 1431869 1000000.0000 61.220010 1050.0000 247 1050.0000 1050.0000 0.8819 3.8000 0.0000 4 2 42.5399 0 2 38.4000 15 2 15.2601 0 1.0000 0 1.0000 174 1431870 1000000.0000 61.220810 998.0000 247 998.0000 998.0000 0.8816 0.0000 0.0000 4 2 35.2637 0 2 33.1505 15
0.8531 1.7700 0.0000 15 1 61.1225 16 1 22.6274 14 1 14.4801 0 1.0000 0 1.0000 222 1434269 1000000.0000 61.210080 938.0000 247 938.0000 938.0000 0.8584 1.9200 0.0000 4 1 41.1651 15 1 32.2762 0 1 24.6387 0 1.0000 0 1.0000 223 1434270 1000000.0000 61.210860 992.0000 247 992.0000 992.0000 0.8519 0.0000 0.0000 15 5 48.6254 4 5 32.1774 0 5 19.1973 0 1.0000 0 1.0000 224 1434271 1000000.0000 61.211630 1043.0000 247 1043.0000 1043.0000 0.8510 0.0000 0.0000 4 2
61.191430 896.0000 247 896.0000 896.0000 0.8525 0.0200 0.0000 15 1 46.6453 16 1 28.9064 1 1 24.4283 0 1.0000 0 1.0000 272 1436659 1000000.0000 61.192210 880.0000 247 880.0000 880.0000 0.8521 5.0700 0.0000 4 1 46.0656 0 1 35.7426 1 1 13.1218 0 1.0000 0 1.0000 273 1436660 1000000.0000 61.192990 918.0000 247 918.0000 918.0000 0.8543 0.9500 0.0000 0 1 65.8265 4 1 25.6882 1 1 7.5353 0 1.0000 0 1.0000 274 1436661 1000000.0000 61.193760 985.0000 247 985.0000 985.0000
0 1.0000 321 1439048 1000000.0000 61.173560 926.0000 247 926.0000 926.0000 0.8460 0.0000 0.0000 4 2 70.1623 15 2 16.8926 0 2 12.9452 0 1.0000 0 1.0000 322 1439049 1000000.0000 61.174340 938.0000 247 938.0000 938.0000 0.8458 0.0000 0.0000 15 2 57.1915 16 2 22.7790 0 2 20.0295 0 1.0000 0 1.0000 323 1439050 1000000.0000 61.175120 871.0000 247 871.0000 871.0000 0.8496 1.6900 0.0000 15 5 50.5831 1 5 32.9796 4 5 14.7472 0 1.0000 0 1.0000 324 1439051 1000000.0000
0 1 16.4291 0 1.0000 0 1.0000 371 1441444 1000000.0000 61.160340 862.0000 247 862.0000 862.0000 0.8582 0.6300 0.0000 1 1 37.0582 15 1 36.9174 16 1 25.3944 0 1.0000 0 1.0000 372 1441445 1000000.0000 61.161100 898.0000 247 898.0000 898.0000 0.8602 2.8400 0.0000 1 5 39.9883 15 5 30.2768 16 5 26.8949 0 1.0000 0 1.0000 373 1441446 1000000.0000 61.161870 916.0000 247 916.0000 916.0000 0.8585 0.0000 0.0000 1 5 47.3507 16 5 28.9590 15 5 23.6903 0 1.0000
1 44.1542 15 1 29.8224 4 1 21.3834 0 1.0000 0 1.0000 421 1443837 1000000.0000 61.144750 852.0000 247 852.0000 852.0000 0.8576 0.0000 0.0000 16 2 48.2560 1 2 36.6493 15 2 15.0948 0 1.0000 0 1.0000 422 1443838 1000000.0000 61.145510 877.0000 247 877.0000 877.0000 0.8533 9.4100 0.0000 16 2 40.5689 15 2 25.5243 1 2 24.4968 0 1.0000 0 1.0000 423 1443839 1000000.0000 61.146260 915.0000 247 915.0000 915.0000 0.8505 2.9700 0.0000 0 2 69.4921 7 2 15.0632
1024.0000 0.9192 3.1800 0.0000 7 2 44.4305 8 2 43.8906 1 2 8.4988 0 1.0000 0 1.0000 471 1446211 1000000.0000 61.114440 952.0000 247 952.0000 952.0000 0.9024 0.0300 0.0000 7 2 52.7493 8 2 28.2803 1 2 18.9404 0 1.0000 0 1.0000 472 1446212 1000000.0000 61.115240 987.0000 247 987.0000 987.0000 0.8923 2.1500 0.0000 7 2 42.6157 16 2 35.9696 8 2 19.2646 0 1.0000 0 1.0000 473 1446213 1000000.0000 61.116030 1057.0000 247 1057.0000 1057.0000 0.8756 1.1900 0.0000 15
1000000.0000 61.117190 927.0000 247 927.0000 927.0000 0.8657 0.0000 0.0000 16 2 44.4937 15 2 32.9268 8 2 22.5795 0 1.0000 0 1.0000 521 1447422 1000000.0000 61.117940 805.0000 248 805.0000 805.0000 0.8644 21.2300 0.0000 1 1 33.7218 0 1 33.4497 4 1 11.5985 0 1.0000 0 1.0000 522 1447423 1000000.0000 61.118700 801.0000 248 801.0000 801.0000 0.8621 44.4400 0.0000 0 1 34.7302 4 1 13.9108 3 1 6.9190 0 1.0000 0 1.0000 523 1447424 1000000.0000 61.119450 854.0000 247 854.0000
1.0000 0 1.0000 570 1449754 1000000.0000 61.051980 1469.0000 246 1469.0000 1469.0000 1.2007 1.6200 0.0000 5 2 78.0000 4 2 20.3800 2 2 0.0000 0 1.0000 0 1.0000 571 1449755 1000000.0000 61.052880 1399.0000 246 1399.0000 1399.0000 1.1536 31.2200 0.0000 5 2 40.4800 4 2 28.3000 2 2 0.0000 0 1.0000 0 1.0000 572 1449756 1000000.0000 61.053780 1432.0000 246 1432.0000 1432.0000 1.1982 0.0000 0.0000 4 2 50.5400 5 2 49.4600 2 2 0.0000 0 1.0000 0 1.0000 573 1449757
35.0820 4 1 19.7268 0 1.0000 0 1.0000 620 1451007 1000000.0000 61.091140 966.0000 247 966.0000 966.0000 0.8716 0.0000 0.0000 1 2 38.5610 3 2 36.4947 0 2 24.9443 0 1.0000 0 1.0000 621 1451008 1000000.0000 61.091890 891.0000 247 891.0000 891.0000 0.8658 8.5700 0.0000 8 2 38.7161 7 2 33.0047 16 2 19.7092 0 1.0000 0 1.0000 622 1451009 1000000.0000 61.092640 844.0000 247 844.0000 844.0000 0.8638 0.5200 0.0000 16 1 42.6452 8 1 30.6619 7 1 26.1729 0
0 2 45.8100 5 2 26.9400 4 2 18.4100 0 1.0000 0 1.0000 670 1453345 1000000.0000 61.030590 1234.0000 246 1234.0000 1234.0000 1.2118 0.0000 0.0000 0 1 72.8500 4 1 26.3600 5 1 0.7900 0 1.0000 0 1.0000 671 1453346 1000000.0000 61.031470 1276.0000 246 1276.0000 1276.0000 1.2311 0.0000 0.0000 0 2 51.0900 5 2 27.0100 4 2 21.9000 0 1.0000 0 1.0000 672 1453347 1000000.0000 61.032350 1216.0000 246 1216.0000 1216.0000 1.2404 0.0000 0.0000 0 2 68.7592 5 2
875.0000 875.0000 0.8715 0.3400 0.0000 8 2 58.6697 7 2 23.6935 1 2 17.2968 0 1.0000 0 1.0000 720 1454596 1000000.0000 61.067330 881.0000 247 881.0000 881.0000 0.8686 0.5700 0.0000 1 2 51.1971 8 2 29.0949 7 2 19.1381 0 1.0000 0 1.0000 721 1454597 1000000.0000 61.068070 879.0000 247 879.0000 879.0000 0.8655 0.5900 0.0000 16 2 37.3183 1 2 36.7338 8 2 25.3579 0 1.0000 0 1.0000 722 1454598 1000000.0000 61.068810 904.0000 247 904.0000 904.0000 0.8622 0.0000 0.0000
1456935 1000000.0000 61.008220 1274.0000 246 1274.0000 1274.0000 1.1899 0.0000 0.0000 0 2 54.9700 4 2 43.7700 1 2 1.2600 0 1.0000 0 1.0000 770 1456936 1000000.0000 61.009090 1355.0000 246 1355.0000 1355.0000 1.1420 0.0000 0.0000 4 1 97.7400 0 1 1.2000 1 1 1.0600 0 1.0000 0 1.0000 771 1456937 1000000.0000 61.009960 1492.0000 246 1492.0000 1492.0000 1.1277 0.0000 0.0000 4 2 77.0700 5 2 22.9300 2 2 0.0000 0 1.0000 0 1.0000 772 1456974 1000000.0000 61.040340 921.0000 247
0 1.0000 0 1.0000 819 1459299 1000000.0000 60.966870 1236.0000 246 1236.0000 1236.0000 1.4719 4.9400 0.0000 4 1 63.8978 0 1 21.4887 5 1 9.6735 0 1.0000 0 1.0000 820 1459300 1000000.0000 60.967800 1139.0000 246 1139.0000 1139.0000 1.4184 20.5900 0.0000 4 1 56.9366 0 1 18.3693 1 1 4.1040 0 1.0000 0 1.0000 821 1459317 1000000.0000 60.983320 1326.0000 246 1326.0000 1326.0000 1.2211 0.0000 0.0000 4 1 74.9300 5 1 20.0400 0 1 5.0300 0 1.0000 0 1.0000 822
2 26.8045 9 2 21.4982 0 1.0000 0 1.0000 869 1460570 1000000.0000 61.021900 711.0000 248 711.0000 711.0000 0.8892 1.7800 0.0000 8 2 40.0536 7 2 33.1893 3 2 24.9771 0 1.0000 0 1.0000 870 1460571 1000000.0000 61.022640 787.0000 248 787.0000 787.0000 0.8891 0.0400 0.0000 7 2 36.4728 6 2 32.1799 8 2 31.3073 0 1.0000 0 1.0000 871 1460572 1000000.0000 61.023380 694.0000 248 694.0000 694.0000 0.8882 0.0000 0.0000 8 2 47.5367 7 2 29.4337 3 2 23.0296
0.0000 4 2 62.4700 5 2 36.4700 0 2 1.0600 0 1.0000 0 1.0000 919 1462908 1000000.0000 60.961860 1144.0000 246 1144.0000 1144.0000 1.1838 0.0000 0.0000 4 1 64.2485 15 1 18.3169 16 1 17.4345 0 1.0000 0 1.0000 920 1462909 1000000.0000 60.962730 963.0000 247 963.0000 963.0000 1.1836 0.2400 0.0000 15 5 53.4853 1 5 23.5733 16 5 22.7014 0 1.0000 0 1.0000 921 1462910 1000000.0000 60.963600 911.0000 247 911.0000 911.0000 1.1700 2.3400 0.0000 15 1 65.2947 16
250 520.0000 520.0000 0.8965 1.3800 0.0000 12 1 44.2142 8 1 34.5297 7 1 19.8761 0 1.0000 0 1.0000 969 1464156 1000000.0000 60.995830 541.0000 249 541.0000 541.0000 0.8965 2.9200 0.0000 10 2 35.2756 3 2 33.7553 6 2 28.0490 0 1.0000 0 1.0000 970 1464157 1000000.0000 60.996570 746.0000 248 746.0000 746.0000 0.8946 0.0000 0.0000 6 2 40.1086 8 2 32.0054 7 2 27.8859 0 1.0000 0 1.0000 971 1464158 1000000.0000 60.997310 676.0000 248 676.0000 676.0000 0.8924 0.0000
1018 1466464 1000000.0000 60.908680 1460.0000 246 1460.0000 1460.0000 1.5927 0.5600 0.0000 5 2 74.4300 4 2 25.0100 2 2 0.0000 0 1.0000 0 1.0000 1019 1466465 1000000.0000 60.909620 1337.0000 246 1337.0000 1337.0000 1.5099 35.5500 0.0000 5 2 33.5100 4 2 30.9400 2 2 0.0000 0 1.0000 0 1.0000 1020 1466466 1000000.0000 60.910560 1352.0000 246 1352.0000 1352.0000 1.4746 0.3800 0.0000 5 2 52.4500 4 2 47.1700 2 2 0.0000 0 1.0000 0 1.0000 1021 1466467 1000000.0000 60.911510 1337.0000
9.2840 0 1.0000 0 1.0000 1068 1467673 1000000.0000 60.912770 1282.0000 246 1282.0000 1282.0000 1.3909 0.0000 0.0000 4 1 90.0292 0 1 6.7144 5 1 3.2564 0 1.0000 0 1.0000 1069 1467674 1000000.0000 60.913680 1396.0000 246 1396.0000 1396.0000 1.3314 5.0800 0.0000 4 2 71.0000 5 2 23.9200 2 2 0.0000 0 1.0000 0 1.0000 1070 1467689 1000000.0000 60.927040 1707.0000 246 1707.0000 1707.0000 1.1571 0.0000 0.0000 5 2 100.0000 1 2 0.0000 2 2 0.0000 0 1.0000 0 1.0000
4 2 3.6500 2 2 0.0000 0 1.0000 0 1.0000 1118 1470055 1000000.0000 60.887570 1508.0000 246 1508.0000 1508.0000 1.5662 15.1300 0.0000 5 2 84.8700 1 2 0.0000 2 2 0.0000 0 1.0000 0 1.0000 1119 1470056 1000000.0000 60.888500 1576.0000 246 1576.0000 1576.0000 1.6825 0.5200 0.0000 5 2 99.4800 1 2 0.0000 2 2 0.0000 0 1.0000 0 1.0000 1120 1470057 1000000.0000 60.889430 1454.0000 246 1454.0000 1454.0000 1.4792 0.0000 0.0000 5 2 52.1300 4 2 47.8700 2 2
14.9700 0.0000 15 2 43.1790 7 2 20.9255 16 2 20.9255 0 1.0000 0 1.0000 1168 1502376 1000000.0000 60.694630 929.0000 247 929.0000 929.0000 1.2355 0.1400 0.0000 7 2 48.4180 8 2 43.1175 15 2 8.3245 0 1.0000 0 1.0000 1169 1502377 1000000.0000 60.695410 885.0000 247 885.0000 885.0000 1.2306 31.3300 0.0000 7 2 42.3338 8 2 14.6373 15 2 11.6989 0 1.0000 0 1.0000 1170 1502378 1000000.0000 60.696190 873.0000 247 873.0000 873.0000 1.2377 2.2100 0.0000 7 2 66.1493
849.0000 248 849.0000 849.0000 1.2446 12.4400 0.0000 1 5 60.4647 7 5 22.5287 8 5 4.5666 0 1.0000 0 1.0000 1218 1505968 1000000.0000 60.673240 861.0000 248 861.0000 861.0000 1.2365 7.4800 0.0000 7 1 36.8687 1 1 35.7388 8 1 19.9124 0 1.0000 0 1.0000 1219 1505969 1000000.0000 60.674010 916.0000 247 916.0000 916.0000 1.2186 0.0000 0.0000 1 1 45.1087 7 1 44.5305 8 1 10.3608 0 1.0000 0 1.0000 1220 1505970 1000000.0000 60.674770 936.0000 247 936.0000 936.0000 1.1986
1.0000 1267 1509563 1000000.0000 60.653960 897.0000 247 897.0000 897.0000 1.1021 0.0000 0.0000 7 1 45.9144 1 1 27.9101 8 1 26.1755 0 1.0000 0 1.0000 1268 1509564 1000000.0000 60.654710 812.0000 248 812.0000 812.0000 1.0945 0.0000 0.0000 7 2 49.7993 1 2 27.3615 6 2 22.8392 0 1.0000 0 1.0000 1269 1509565 1000000.0000 60.655440 756.0000 248 756.0000 756.0000 1.0841 0.0000 0.0000 7 2 48.1369 8 2 27.3374 6 2 24.5257 0 1.0000 0 1.0000 1270 1509566 1000000.0000 60.656170
1 16.5445 0 1.0000 0 1.0000 1317 1513134 1000000.0000 60.616560 986.0000 247 986.0000 986.0000 1.2088 0.6300 0.0000 7 2 42.0561 15 2 34.5353 16 2 22.7786 0 1.0000 0 1.0000 1318 1513135 1000000.0000 60.617330 981.0000 247 981.0000 981.0000 1.2174 1.9500 0.0000 7 2 70.7052 6 2 14.2075 15 2 13.1373 0 1.0000 0 1.0000 1319 1513136 1000000.0000 60.618100 874.0000 247 874.0000 874.0000 1.2293 0.0500 0.0000 7 2 59.1232 8 2 25.1311 6 2 15.6956 0 1.0000 0
39.6258 15 2 29.9013 16 2 14.2229 0 1.0000 0 1.0000 1367 1515526 1000000.0000 60.600230 1021.0000 247 1021.0000 1021.0000 1.2041 4.8600 0.0000 7 2 38.6777 15 2 32.5907 1 2 23.8715 0 1.0000 0 1.0000 1368 1515527 1000000.0000 60.601000 935.0000 247 935.0000 935.0000 1.2082 0.0000 0.0000 7 2 61.3065 8 2 24.5812 6 2 14.1122 0 1.0000 0 1.0000 1369 1515528 1000000.0000 60.601760 758.0000 248 758.0000 758.0000 1.2065 17.5900 0.0000 7 1 48.2587 8 1 25.9486 6
1.0660 0.0000 0.0000 9 1 44.8613 8 1 30.4973 3 1 24.6414 0 1.0000 0 1.0000 1417 1516743 1000000.0000 60.607600 713.0000 249 713.0000 713.0000 1.0530 0.0000 0.0000 8 2 48.1595 7 2 29.7239 9 2 22.1166 0 1.0000 0 1.0000 1418 1516744 1000000.0000 60.608310 680.0000 249 680.0000 680.0000 1.0399 0.0000 0.0000 7 1 44.3699 8 1 36.7102 6 1 18.9199 0 1.0000 0 1.0000 1419 1516745 1000000.0000 60.609020 767.0000 248 767.0000 767.0000 1.0313 1.4800 0.0000 7 2
60.581720 986.0000 247 986.0000 986.0000 1.1505 2.7600 0.0000 4 2 36.4403 15 2 34.0415 16 2 26.7582 0 1.0000 0 1.0000 1467 1519123 1000000.0000 60.582460 932.0000 247 932.0000 932.0000 1.1489 0.0000 0.0000 15 1 42.4187 1 1 37.8018 16 1 19.7795 0 1.0000 0 1.0000 1468 1519124 1000000.0000 60.583190 903.0000 247 903.0000 903.0000 1.1334 0.0000 0.0000 1 5 46.7850 4 5 30.8669 15 5 22.3481 0 1.0000 0 1.0000 1469 1519125 1000000.0000 60.583930 911.0000 247 911.0000 911.0000
0 1.0000 1516 1521502 1000000.0000 60.556320 922.0000 247 922.0000 922.0000 1.2672 0.5400 0.0000 7 2 44.7831 8 2 35.4425 0 2 19.2344 0 1.0000 0 1.0000 1517 1521503 1000000.0000 60.557080 632.0000 249 632.0000 632.0000 1.2817 4.7000 0.0000 8 2 41.1069 12 2 35.5619 9 2 18.6312 0 1.0000 0 1.0000 1518 1521504 1000000.0000 60.557850 715.0000 249 715.0000 715.0000 1.2804 0.0000 0.0000 12 1 62.5346 8 1 18.9058 13 1 18.5596 0 1.0000 0 1.0000 1519 1521505 1000000.0000
8 1 24.6663 0 1.0000 0 1.0000 1566 1522717 1000000.0000 60.562180 520.0000 251 520.0000 520.0000 1.0720 0.0000 0.0000 8 2 37.6381 9 2 33.3564 7 2 29.0055 0 1.0000 0 1.0000 1567 1522718 1000000.0000 60.562890 650.0000 249 650.0000 650.0000 1.0623 0.0000 0.0000 8 2 48.9616 7 2 34.2837 9 2 16.7547 0 1.0000 0 1.0000 1568 1522719 1000000.0000 60.563610 706.0000 249 706.0000 706.0000 1.0519 2.2500 0.0000 8 2 52.6694 9 2 28.3016 7 2 16.7790 0 1.0000
1 25.6963 8 1 23.0108 13 1 16.1129 0 1.0000 0 1.0000 1616 1525098 1000000.0000 60.537770 549.0000 250 549.0000 549.0000 1.1743 30.2700 0.0000 8 1 33.5041 12 1 18.3109 9 1 17.9150 0 1.0000 0 1.0000 1617 1525099 1000000.0000 60.538500 542.0000 250 542.0000 542.0000 1.1604 4.1000 0.0000 8 1 56.3896 7 1 20.5096 9 1 19.0008 0 1.0000 0 1.0000 1618 1525100 1000000.0000 60.539230 541.0000 250 541.0000 541.0000 1.1426 4.3400 0.0000 8 1 43.9580 12 1 28.6961
804.0000 1.2264 0.0000 0.0000 7 1 53.2478 8 1 33.4820 6 1 13.2701 0 1.0000 0 1.0000 1666 1527487 1000000.0000 60.519150 961.0000 247 961.0000 961.0000 1.1829 3.3700 0.0000 8 2 32.3980 7 2 32.2081 4 2 32.0239 0 1.0000 0 1.0000 1667 1527488 1000000.0000 60.519890 866.0000 248 866.0000 866.0000 1.1659 0.0900 0.0000 0 2 43.3483 9 2 30.1080 8 2 26.4536 0 1.0000 0 1.0000 1668 1527489 1000000.0000 60.520630 819.0000 248 819.0000 819.0000 1.1514 0.0000 0.0000 8
