config/testcase_5/hbv_landscape.txt
ncols         1195
nrows         1550
xllcorner     -75000
yllcorner     6.45e+06
cellsize      1000
NODATA_value  -9999
[rows 0 to 33 of 44, columns 231 to 307 of 1195]
0.8466 22.9300 0.0000 4 1 56.8800 1 1 14.4300 0 1 5.7600 0 1.0000 0 1.0000 10 1421123 1000000.0000 61.307560 1212.0000 246 1212.0000 1212.0000 0.8512 0.3900 0.0000 0 1 64.3400 4 1 30.3200 1 1 4.9500 0 1.0000 0 1.0000 11 1421124 1000000.0000 61.308340 1285.0000 246 1285.0000 1285.0000 0.8462 0.0000 0.0000 4 2 82.3200 0 2 17.6800 2 2 0.0000 0 1.0000 0 1.0000 12 1422296 1000000.0000 61.280730 1045.0000 247 1045.0000 1045.0000 1.0381 2.3500 0.0000 0 2
61.270340 1071.0000 247 1071.0000 1071.0000 0.9101 0.0000 0.0000 0 1 63.4400 1 1 32.1100 4 1 4.4500 0 1.0000 0 1.0000 60 1424696 1000000.0000 61.271160 1111.0000 247 1111.0000 1111.0000 0.8850 0.0000 0.0000 4 2 45.1000 0 2 42.8500 1 2 12.0500 0 1.0000 0 1.0000 61 1424697 1000000.0000 61.271970 1102.0000 247 1102.0000 1102.0000 0.8669 7.6800 0.0000 4 5 47.8600 1 5 26.1000 0 5 18.3600 0 1.0000 0 1.0000 62 1424698 1000000.0000 61.272780 1108.0000 247 1108.0000 1108.0000
0 1.0000 109 1427098 1000000.0000 61.262890 1028.0000 247 1028.0000 1028.0000 0.8495 0.0000 0.0000 4 1 76.9100 0 1 18.1600 1 1 4.9300 0 1.0000 0 1.0000 110 1428276 1000000.0000 61.240260 872.0000 247 872.0000 872.0000 0.9879 4.6200 0.0000 1 5 45.9507 15 5 25.4336 16 5 23.9958 0 1.0000 0 1.0000 111 1428277 1000000.0000 61.241090 858.0000 247 858.0000 858.0000 0.9664 13.1100 0.0000 1 1 35.8104 16 1 26.1936 15 1 24.8860 0 1.0000 0 1.0000 112 1428278 1000000.0000
4 5 20.1659 0 1.0000 0 1.0000 159 1430679 1000000.0000 61.232940 976.0000 247 976.0000 976.0000 0.8565 0.0000 0.0000 4 1 38.6845 1 1 32.3957 0 1 28.9198 0 1.0000 0 1.0000 160 1430680 1000000.0000 61.233730 969.0000 247 969.0000 969.0000 0.8575 0.0000 0.0000 0 1 53.6064 4 1 24.7251 1 1 21.6685 0 1.0000 0 1.0000 161 1430681 1000000.0000 61.234520 984.0000 247 984.0000 984.0000 0.8627 0.0000 0.0000 0 1 51.3523 1 1 26.8401 4 1 21.8076 0 1.0000
1 45.3501 12 1 31.2554 7 1 22.1945 0 1.0000 0 1.0000 209 1434256 1000000.0000 61.199720 806.0000 247 806.0000 806.0000 0.9385 0.0000 0.0000 8 5 38.4259 1 5 33.8309 7 5 27.7432 0 1.0000 0 1.0000 210 1434257 1000000.0000 61.200530 847.0000 247 847.0000 847.0000 0.9192 0.0000 0.0000 8 1 58.4332 7 1 22.6417 1 1 18.9251 0 1.0000 0 1.0000 211 1434258 1000000.0000 61.201340 856.0000 247 856.0000 856.0000 0.9068 0.0000 0.0000 8 5 41.1466 1 5 32.9123
720.0000 0.9687 58.3000 0.0000 8 1 22.8199 7 1 12.5997 6 1 6.2804 0 1.0000 0 1.0000 259 1436646 1000000.0000 61.181860 726.0000 248 726.0000 726.0000 0.9615 18.3300 0.0000 8 1 33.8326 12 1 27.5078 6 1 20.3297 0 1.0000 0 1.0000 260 1436647 1000000.0000 61.182670 766.0000 248 766.0000 766.0000 0.9474 3.6400 0.0000 8 1 54.0546 12 1 26.0309 10 1 16.2745 0 1.0000 0 1.0000 261 1436648 1000000.0000 61.183480 805.0000 248 805.0000 805.0000 0.9313 2.4300 0.0000 8
1000000.0000 61.190190 906.0000 247 906.0000 906.0000 0.8456 76.5600 0.0000 1 1 10.3826 15 1 8.0490 4 1 5.0084 0 1.0000 0 1.0000 309 1437864 1000000.0000 61.190940 909.0000 247 909.0000 909.0000 0.8427 5.9500 0.0000 1 5 56.2826 4 5 20.8418 15 5 16.9256 0 1.0000 0 1.0000 310 1437865 1000000.0000 61.191700 949.0000 247 949.0000 949.0000 0.8388 0.0000 0.0000 15 1 44.8198 1 1 30.9652 0 1 24.2151 0 1.0000 0 1.0000 311 1437866 1000000.0000 61.192450 1074.0000 247 1074.0000
1.0000 0 1.0000 358 1441431 1000000.0000 61.150170 1008.0000 247 1008.0000 1008.0000 0.8923 0.6000 0.0000 16 2 38.7869 15 2 37.6052 7 2 23.0080 0 1.0000 0 1.0000 359 1441432 1000000.0000 61.150970 931.0000 247 931.0000 931.0000 0.8755 66.2900 0.0000 7 2 13.3603 16 2 10.3913 8 2 9.9584 0 1.0000 0 1.0000 360 1441433 1000000.0000 61.151760 953.0000 247 953.0000 953.0000 0.8767 8.5200 0.0000 7 2 40.9902 16 2 32.5379 8 2 17.9519 0 1.0000 0 1.0000 361 1441434
20.1422 15 2 15.5036 0 1.0000 0 1.0000 408 1443824 1000000.0000 61.134690 990.0000 247 990.0000 990.0000 0.8709 0.0000 0.0000 15 2 47.6697 16 2 27.6596 7 2 24.6707 0 1.0000 0 1.0000 409 1443825 1000000.0000 61.135480 1022.0000 247 1022.0000 1022.0000 0.8656 0.0000 0.0000 0 2 60.3380 15 2 21.8904 4 2 17.7716 0 1.0000 0 1.0000 410 1443826 1000000.0000 61.136260 1039.0000 247 1039.0000 1039.0000 0.8553 0.0000 0.0000 0 2 50.2558 4 2 30.8073 15 2 18.9369 0
16 2 37.3461 4 2 35.9375 0 2 26.7165 0 1.0000 0 1.0000 458 1445039 1000000.0000 61.141060 1085.0000 247 1085.0000 1085.0000 0.8311 0.0000 0.0000 4 2 70.2778 0 2 16.2449 1 2 13.4774 0 1.0000 0 1.0000 459 1445040 1000000.0000 61.141800 1127.0000 247 1127.0000 1127.0000 0.8273 0.0000 0.0000 4 2 60.1100 0 2 31.2000 1 2 8.6900 0 1.0000 0 1.0000 460 1445041 1000000.0000 61.142530 1112.0000 247 1112.0000 1112.0000 0.8235 0.0000 0.0000 4 2 45.8390 0 2
1182.0000 1182.0000 1.2401 0.0000 0.0000 0 2 62.4100 4 2 37.5900 2 2 0.0000 0 1.0000 0 1.0000 508 1447406 1000000.0000 61.105510 1041.0000 247 1041.0000 1041.0000 0.9106 0.0000 0.0000 7 2 39.1615 15 2 33.1847 8 2 27.6539 0 1.0000 0 1.0000 509 1447407 1000000.0000 61.106310 1041.0000 247 1041.0000 1041.0000 0.8946 0.0000 0.0000 15 2 50.3968 4 2 29.8066 16 2 19.7966 0 1.0000 0 1.0000 510 1447408 1000000.0000 61.107100 1086.0000 247 1086.0000 1086.0000 0.8758 3.0100 0.0000
1448620 1000000.0000 61.111270 915.0000 247 915.0000 915.0000 0.8559 7.5500 0.0000 8 2 41.3734 7 2 26.3132 16 2 24.7634 0 1.0000 0 1.0000 558 1448621 1000000.0000 61.112010 946.0000 247 946.0000 946.0000 0.8516 1.4800 0.0000 15 2 39.5404 16 2 30.1244 1 2 28.8552 0 1.0000 0 1.0000 559 1448622 1000000.0000 61.112760 895.0000 247 895.0000 895.0000 0.8500 41.9500 0.0000 16 2 26.2045 1 2 18.0980 15 2 13.7475 0 1.0000 0 1.0000 560 1448623 1000000.0000 61.113500 905.0000 247
0 1.0000 0 1.0000 607 1450954 1000000.0000 61.047540 1718.0000 246 1718.0000 1718.0000 1.2990 0.0000 0.0000 5 2 100.0000 1 2 0.0000 2 2 0.0000 0 1.0000 0 1.0000 608 1450955 1000000.0000 61.048420 1681.0000 246 1681.0000 1681.0000 1.2680 0.0000 0.0000 5 2 86.0600 4 2 13.9400 2 2 0.0000 0 1.0000 0 1.0000 609 1450956 1000000.0000 61.049310 1246.0000 246 1246.0000 1246.0000 1.2158 0.0000 0.0000 4 2 38.5085 0 2 31.5115 5 2 29.9800 0 1.0000 0 1.0000 610
2 33.8530 8 2 28.9424 0 1.0000 0 1.0000 657 1452207 1000000.0000 61.085950 898.0000 247 898.0000 898.0000 0.8576 4.1900 0.0000 16 2 40.3351 0 2 31.1147 1 2 24.3601 0 1.0000 0 1.0000 658 1452208 1000000.0000 61.086690 970.0000 247 970.0000 970.0000 0.8543 0.0000 0.0000 16 2 53.6230 1 2 26.0988 7 2 20.2782 0 1.0000 0 1.0000 659 1452209 1000000.0000 61.087430 949.0000 247 949.0000 949.0000 0.8511 1.9300 0.0000 1 5 38.8228 16 5 37.7245 15 5 21.5227
0.0000 4 1 86.2600 0 1 13.7400 2 1 0.0000 0 1.0000 0 1.0000 707 1454583 1000000.0000 61.057430 899.0000 247 899.0000 899.0000 0.8976 4.6900 0.0000 7 2 48.7188 8 2 37.7304 1 2 8.8608 0 1.0000 0 1.0000 708 1454584 1000000.0000 61.058200 858.0000 247 858.0000 858.0000 0.8972 3.3500 0.0000 8 2 51.8658 7 2 33.3138 6 2 11.4703 0 1.0000 0 1.0000 709 1454585 1000000.0000 61.058980 734.0000 248 734.0000 734.0000 0.8966 1.3100 0.0000 8 1 60.6784 7
247 896.0000 896.0000 0.8642 0.0000 0.0000 1 5 52.7699 16 5 30.4271 15 5 16.8030 0 1.0000 0 1.0000 757 1455795 1000000.0000 61.061350 908.0000 247 908.0000 908.0000 0.8614 0.0000 0.0000 16 5 59.7604 1 5 29.5729 3 5 10.6668 0 1.0000 0 1.0000 758 1455796 1000000.0000 61.062080 968.0000 247 968.0000 968.0000 0.8579 0.0000 0.0000 16 5 36.6730 15 5 34.8475 1 5 28.4794 0 1.0000 0 1.0000 759 1455797 1000000.0000 61.062820 1058.0000 247 1058.0000 1058.0000 0.8550 0.0000
806 1458175 1000000.0000 61.036000 819.0000 248 819.0000 819.0000 0.8907 8.0000 0.0000 8 2 54.4694 7 2 23.3134 9 2 14.2172 0 1.0000 0 1.0000 807 1458176 1000000.0000 61.036760 699.0000 248 699.0000 699.0000 0.8890 14.6900 0.0000 7 2 37.0867 8 2 30.1596 6 2 18.0638 0 1.0000 0 1.0000 808 1458177 1000000.0000 61.037520 781.0000 248 781.0000 781.0000 0.8882 9.4100 0.0000 7 2 38.1631 1 2 30.2557 8 2 22.1712 0 1.0000 0 1.0000 809 1458178 1000000.0000 61.038270 792.0000
11.2201 0 1.0000 0 1.0000 856 1460518 1000000.0000 60.979700 1004.0000 247 1004.0000 1004.0000 1.2037 5.6700 0.0000 15 1 66.3192 16 1 15.3214 0 1 12.6895 0 1.0000 0 1.0000 857 1460519 1000000.0000 60.980580 1130.0000 247 1130.0000 1130.0000 1.1973 0.0000 0.0000 0 2 40.0102 15 2 35.4378 4 2 24.5520 0 1.0000 0 1.0000 858 1460520 1000000.0000 60.981450 984.0000 247 984.0000 984.0000 1.1800 0.4800 0.0000 15 1 54.4665 16 1 32.5837 1 1 12.4699 0 1.0000 0 1.0000
1 2 0.0000 2 2 0.0000 0 1.0000 0 1.0000 906 1462877 1000000.0000 60.933510 1548.0000 246 1548.0000 1548.0000 1.7360 0.0000 0.0000 5 2 90.3400 4 2 9.6600 2 2 0.0000 0 1.0000 0 1.0000 907 1462878 1000000.0000 60.934460 1410.0000 246 1410.0000 1410.0000 1.5164 13.0300 0.0000 4 2 58.8300 5 2 28.1400 2 2 0.0000 0 1.0000 0 1.0000 908 1462883 1000000.0000 60.939190 1364.0000 246 1364.0000 1364.0000 1.4579 0.0000 0.0000 4 2 73.9200 5 2 26.0800 2 2
0.0000 0.0000 4 2 91.9074 0 2 6.7841 1 2 1.3085 0 1.0000 0 1.0000 956 1464104 1000000.0000 60.953810 1132.0000 247 1132.0000 1132.0000 1.1676 0.0000 0.0000 15 2 39.0608 4 2 33.6875 16 2 27.2517 0 1.0000 0 1.0000 957 1464105 1000000.0000 60.954680 1008.0000 247 1008.0000 1008.0000 1.1565 0.0000 0.0000 15 2 42.1262 1 2 31.5856 4 2 26.2882 0 1.0000 0 1.0000 958 1464106 1000000.0000 60.955550 924.0000 247 924.0000 924.0000 1.1411 0.5300 0.0000 15 2 47.2749
789.0000 248 789.0000 789.0000 0.9009 0.0000 0.0000 8 1 42.6471 7 1 41.2162 6 1 16.1367 0 1.0000 0 1.0000 1006 1465349 1000000.0000 60.985400 657.0000 248 657.0000 657.0000 0.8996 0.0000 0.0000 7 1 48.6220 8 1 28.7402 6 1 22.6378 0 1.0000 0 1.0000 1007 1465350 1000000.0000 60.986150 543.0000 249 543.0000 543.0000 0.8993 0.0000 0.0000 12 1 53.4369 8 1 26.8738 11 1 19.6893 0 1.0000 0 1.0000 1008 1465351 1000000.0000 60.986890 519.0000 250 519.0000 519.0000 0.8984
1.0000 1055 1467660 1000000.0000 60.900710 1478.0000 246 1478.0000 1478.0000 1.5877 3.6100 0.0000 5 2 91.1700 4 2 5.2200 2 2 0.0000 0 1.0000 0 1.0000 1056 1467661 1000000.0000 60.901650 1514.0000 246 1514.0000 1514.0000 1.6322 0.0000 0.0000 5 2 96.3100 4 2 3.6900 2 2 0.0000 0 1.0000 0 1.0000 1057 1467662 1000000.0000 60.902590 1474.0000 246 1474.0000 1474.0000 1.4924 0.0000 0.0000 5 2 66.5000 4 2 33.5000 2 2 0.0000 0 1.0000 0 1.0000 1058 1467663 1000000.0000 60.903530
1 29.2043 0 1.0000 0 1.0000 1105 1468930 1000000.0000 60.955580 1029.0000 247 1029.0000 1029.0000 0.9027 0.0000 0.0000 16 5 41.9819 0 5 33.5610 15 5 24.4571 0 1.0000 0 1.0000 1106 1468936 1000000.0000 60.960080 682.0000 248 682.0000 682.0000 0.9048 0.0000 0.0000 7 1 47.0827 8 1 37.7031 12 1 15.2142 0 1.0000 0 1.0000 1107 1468937 1000000.0000 60.960820 583.0000 249 583.0000 583.0000 0.9041 0.0000 0.0000 8 1 41.0853 7 1 36.9078 12 1 22.0069 0 1.0000 0
48.0580 8 1 33.9078 1 1 18.0342 0 1.0000 0 1.0000 1155 1499992 1000000.0000 60.717150 856.0000 248 856.0000 856.0000 1.1924 0.0000 0.0000 1 1 36.0507 7 1 34.1196 8 1 29.8297 0 1.0000 0 1.0000 1156 1501180 1000000.0000 60.702770 1043.0000 247 1043.0000 1043.0000 1.2143 7.5400 0.0000 15 2 59.2679 4 2 17.3795 7 2 15.8127 0 1.0000 0 1.0000 1157 1501181 1000000.0000 60.703560 1060.0000 247 1060.0000 1060.0000 1.2155 0.0000 0.0000 15 2 57.6113 7 2 22.0266 0
1.2316 1.7800 0.0000 1 1 43.9657 7 1 41.4265 6 1 12.8278 0 1.0000 0 1.0000 1205 1504774 1000000.0000 60.682950 830.0000 248 830.0000 830.0000 1.2155 0.0000 0.0000 7 1 57.7130 1 1 32.0258 6 1 10.2612 0 1.0000 0 1.0000 1206 1504775 1000000.0000 60.683710 849.0000 248 849.0000 849.0000 1.1946 0.0000 0.0000 7 1 45.6469 1 1 36.3787 8 1 17.9744 0 1.0000 0 1.0000 1207 1504776 1000000.0000 60.684470 889.0000 247 889.0000 889.0000 1.1779 0.0000 0.0000 1 5
60.641030 893.0000 247 893.0000 893.0000 1.2248 0.0700 0.0000 7 2 49.9291 1 2 35.0918 16 2 14.9091 0 1.0000 0 1.0000 1255 1509547 1000000.0000 60.641810 899.0000 247 899.0000 899.0000 1.2344 0.0000 0.0000 7 2 54.7787 1 2 38.1696 8 2 7.0517 0 1.0000 0 1.0000 1256 1509548 1000000.0000 60.642590 929.0000 247 929.0000 929.0000 1.2361 2.2400 0.0000 7 2 46.2182 1 2 30.2103 8 2 21.3315 0 1.0000 0 1.0000 1257 1509549 1000000.0000 60.643360 873.0000 247 873.0000 873.0000
0 1.0000 1304 1511948 1000000.0000 60.632360 977.0000 247 977.0000 977.0000 1.1742 10.8300 0.0000 15 2 37.7088 1 2 28.3081 4 2 23.1532 0 1.0000 0 1.0000 1305 1511949 1000000.0000 60.633110 950.0000 247 950.0000 950.0000 1.1658 0.4300 0.0000 7 2 53.8437 8 2 26.0099 1 2 19.7165 0 1.0000 0 1.0000 1306 1511950 1000000.0000 60.633860 884.0000 247 884.0000 884.0000 1.1541 0.0000 0.0000 7 1 56.3428 8 1 27.7471 6 1 15.9101 0 1.0000 0 1.0000 1307 1511951 1000000.0000
6 5 21.1269 0 1.0000 0 1.0000 1354 1514344 1000000.0000 60.618950 869.0000 248 869.0000 869.0000 1.1182 0.0000 0.0000 7 2 46.4851 8 2 30.2544 1 2 23.2605 0 1.0000 0 1.0000 1355 1514345 1000000.0000 60.619690 736.0000 248 736.0000 736.0000 1.1129 0.0000 0.0000 8 2 54.7588 7 2 26.7019 6 2 18.5393 0 1.0000 0 1.0000 1356 1514346 1000000.0000 60.620420 667.0000 249 667.0000 667.0000 1.1008 0.0000 0.0000 8 1 38.9019 7 1 32.0561 1 1 29.0420 0 1.0000
2 47.0136 15 2 42.5684 0 2 8.7080 0 1.0000 0 1.0000 1404 1516730 1000000.0000 60.598110 938.0000 247 938.0000 938.0000 1.1813 0.0000 0.0000 15 2 50.0983 7 2 29.4985 16 2 20.4031 0 1.0000 0 1.0000 1405 1516731 1000000.0000 60.598850 913.0000 247 913.0000 913.0000 1.1593 13.8800 0.0000 15 2 35.2757 7 2 25.4431 4 2 25.4012 0 1.0000 0 1.0000 1406 1516732 1000000.0000 60.599600 908.0000 247 908.0000 908.0000 1.1423 54.2600 0.0000 7 1 29.3465 15 1 10.6457
971.0000 1.2014 29.5500 0.0000 7 2 34.0281 4 2 24.6343 15 2 11.7875 0 1.0000 0 1.0000 1454 1519110 1000000.0000 60.572650 1035.0000 247 1035.0000 1035.0000 1.2110 0.3500 0.0000 4 2 46.5252 7 2 40.6316 6 2 12.4932 0 1.0000 0 1.0000 1455 1519111 1000000.0000 60.573430 993.0000 247 993.0000 993.0000 1.2190 0.8200 0.0000 7 2 40.0309 4 2 31.9890 8 2 27.1601 0 1.0000 0 1.0000 1456 1519112 1000000.0000 60.574190 919.0000 247 919.0000 919.0000 1.2334 0.0000 0.0000 7
1000000.0000 60.577900 688.0000 249 688.0000 688.0000 1.0987 0.0000 0.0000 6 1 40.2007 9 1 31.5821 8 1 28.2172 0 1.0000 0 1.0000 1504 1520325 1000000.0000 60.578620 406.0000 252 406.0000 406.0000 1.0927 5.6400 0.0000 6 1 33.5726 8 1 31.3778 1 1 29.4097 0 1.0000 0 1.0000 1505 1520326 1000000.0000 60.579350 397.0000 252 397.0000 397.0000 1.0834 2.0100 0.0000 9 1 45.7496 8 1 31.4594 12 1 20.7810 0 1.0000 0 1.0000 1506 1520327 1000000.0000 60.580060 539.0000 250 539.0000
1.0000 0 1.0000 1553 1522704 1000000.0000 60.552680 953.0000 247 953.0000 953.0000 1.2588 0.0000 0.0000 7 2 65.1003 8 2 18.7949 4 2 16.1048 0 1.0000 0 1.0000 1554 1522705 1000000.0000 60.553420 940.0000 247 940.0000 940.0000 1.2296 0.0000 0.0000 7 1 68.2568 8 1 24.7939 6 1 6.9494 0 1.0000 0 1.0000 1555 1522706 1000000.0000 60.554160 1038.0000 247 1038.0000 1038.0000 1.2057 0.0000 0.0000 4 2 82.5168 7 2 13.7923 0 2 3.6909 0 1.0000 0 1.0000 1556 1522707
38.5974 13 1 17.8763 0 1.0000 0 1.0000 1603 1525085 1000000.0000 60.527980 1010.0000 247 1010.0000 1010.0000 1.2456 5.7500 0.0000 0 2 42.2187 7 2 31.8287 15 2 20.2026 0 1.0000 0 1.0000 1604 1525086 1000000.0000 60.528750 890.0000 247 890.0000 890.0000 1.2780 6.1500 0.0000 7 5 48.3160 1 5 28.1823 8 5 17.3517 0 1.0000 0 1.0000 1605 1525087 1000000.0000 60.529510 938.0000 247 938.0000 938.0000 1.3008 0.0000 0.0000 7 5 47.7139 1 5 35.2716 8 5 17.0145 0
8 1 38.1944 12 1 37.0727 7 1 24.7329 0 1.0000 0 1.0000 1653 1526304 1000000.0000 60.536780 331.0000 253 331.0000 331.0000 1.0485 2.8400 0.0000 12 1 37.1686 8 1 35.2123 11 1 24.7791 0 1.0000 0 1.0000 1654 1526305 1000000.0000 60.537490 308.0000 254 308.0000 308.0000 1.0395 4.2300 0.0000 8 1 53.5458 9 1 23.8961 12 1 18.3281 0 1.0000 0 1.0000 1655 1526306 1000000.0000 60.538200 339.0000 253 339.0000 339.0000 1.0304 1.6200 0.0000 8 1 44.2445 9 1
