config/testcase_5/hbv_landscape.txt
ncols         1195
nrows         1550
xllcorner     -75000
yllcorner     6.45e+06
cellsize      1000
NODATA_value  -9999
[rows 0 to 33 of 44, columns 0 to 76 of 1195]
# Number of landscape elements : 2228 0 1419926 1000000.0000 61.314910 1147.0000 246 1147.0000 1147.0000 0.8579 15.7100 0.0000 4 1 63.3900 1 1 11.7400 0 1 9.1600 0 1.0000 0 1.0000 1 1419927 1000000.0000 61.315700 1163.0000 246 1163.0000 1163.0000 0.8531 14.6400 0.0000 4 1 63.7100 1 1 11.1900 0 1 10.4600 0 1.0000 0 1.0000 2 1419929 1000000.0000 61.317280 1324.0000 246 1324.0000 1324.0000 0.8502 0.0000 0.0000 4 2 98.0900 0 2 1.9100 2 2 0.0000 0 1.0000
1 41.4200 0 1 31.1500 1 1 27.4300 0 1.0000 0 1.0000 50 1423512 1000000.0000 61.288910 1127.0000 247 1127.0000 1127.0000 0.8474 0.0000 0.0000 4 3 51.9100 1 3 48.0900 2 3 0.0000 0 1.0000 0 1.0000 51 1423513 1000000.0000 61.289690 1148.0000 246 1148.0000 1148.0000 0.8518 0.0000 0.0000 1 5 80.3900 0 5 14.1800 4 5 5.4300 0 1.0000 0 1.0000 52 1424688 1000000.0000 61.264550 1036.0000 247 1036.0000 1036.0000 1.0101 0.0000 0.0000 0 2 48.4800 4 2 34.3049
1057.0000 0.8699 0.0000 0.0000 4 1 51.8100 0 1 43.2600 1 1 4.9300 0 1.0000 0 1.0000 100 1427089 1000000.0000 61.255730 1031.0000 247 1031.0000 1031.0000 0.8682 0.0700 0.0000 4 5 48.1100 0 5 42.2200 1 5 9.6000 0 1.0000 0 1.0000 101 1427090 1000000.0000 61.256540 1071.0000 247 1071.0000 1071.0000 0.8602 7.1600 0.0000 4 1 68.0800 0 1 19.9200 1 1 4.8400 0 1.0000 0 1.0000 102 1427091 1000000.0000 61.257340 1050.0000 247 1050.0000 1050.0000 0.8553 0.0000 0.0000 1
1000000.0000 61.224880 861.0000 247 861.0000 861.0000 0.9241 0.2600 0.0000 16 1 42.4495 15 1 36.0657 7 1 21.2248 0 1.0000 0 1.0000 150 1430670 1000000.0000 61.225700 893.0000 247 893.0000 893.0000 0.9089 0.0000 0.0000 1 5 51.9297 16 5 32.0469 8 5 16.0234 0 1.0000 0 1.0000 151 1430671 1000000.0000 61.226510 941.0000 247 941.0000 941.0000 0.8949 0.0000 0.0000 1 2 45.3435 15 2 31.7194 4 2 22.9371 0 1.0000 0 1.0000 152 1430672 1000000.0000 61.227320 972.0000 247 972.0000
1.0000 0 1.0000 199 1433071 1000000.0000 61.216660 985.0000 247 985.0000 985.0000 0.8581 0.0000 0.0000 0 2 66.8597 4 2 20.8614 1 2 12.2789 0 1.0000 0 1.0000 200 1433072 1000000.0000 61.217450 1011.0000 247 1011.0000 1011.0000 0.8541 0.0000 0.0000 15 2 43.9512 4 2 30.9613 0 2 25.0875 0 1.0000 0 1.0000 201 1433073 1000000.0000 61.218230 937.0000 247 937.0000 937.0000 0.8595 1.5800 0.0000 0 5 47.3897 15 5 26.2027 4 5 24.8275 0 1.0000 0 1.0000 202 1433074
37.6150 0 5 14.8787 0 1.0000 0 1.0000 249 1435468 1000000.0000 61.204240 1017.0000 247 1017.0000 1017.0000 0.8490 0.0000 0.0000 15 1 52.4457 1 1 27.1841 4 1 20.3701 0 1.0000 0 1.0000 250 1435469 1000000.0000 61.205010 1014.0000 247 1014.0000 1014.0000 0.8499 0.0000 0.0000 4 1 42.8074 15 1 42.1099 0 1 15.0827 0 1.0000 0 1.0000 251 1435470 1000000.0000 61.205780 971.0000 247 971.0000 971.0000 0.8505 0.0000 0.0000 15 1 74.0919 1 1 14.2199 14 1 11.6882 0
15 1 42.7846 1 1 32.0567 16 1 24.9787 0 1.0000 0 1.0000 299 1437854 1000000.0000 61.183280 876.0000 247 876.0000 876.0000 0.8462 1.2100 0.0000 4 1 42.2523 15 1 35.3051 1 1 21.2326 0 1.0000 0 1.0000 300 1437855 1000000.0000 61.184060 874.0000 247 874.0000 874.0000 0.8495 2.2900 0.0000 4 1 45.9520 1 1 40.8371 15 1 10.9208 0 1.0000 0 1.0000 301 1437856 1000000.0000 61.184830 906.0000 247 906.0000 906.0000 0.8536 0.0000 0.0000 4 1 66.7580 0 1
859.0000 859.0000 0.8532 2.1800 0.0000 15 1 48.5132 1 1 29.5236 4 1 19.7832 0 1.0000 0 1.0000 349 1440248 1000000.0000 61.168510 861.0000 247 861.0000 861.0000 0.8549 2.8400 0.0000 15 1 49.0502 4 1 25.6741 1 1 22.4358 0 1.0000 0 1.0000 350 1440249 1000000.0000 61.169270 885.0000 247 885.0000 885.0000 0.8566 4.1800 0.0000 15 1 38.1193 1 1 38.0727 4 1 19.6280 0 1.0000 0 1.0000 351 1440250 1000000.0000 61.170040 965.0000 247 965.0000 965.0000 0.8572 0.3900 0.0000
1442644 1000000.0000 61.155200 1005.0000 247 1005.0000 1005.0000 0.8466 0.0000 0.0000 4 2 39.9799 15 2 34.0510 0 2 25.9691 0 1.0000 0 1.0000 399 1442645 1000000.0000 61.155950 1030.0000 247 1030.0000 1030.0000 0.8428 0.0000 0.0000 4 2 58.5717 1 2 34.0660 0 2 7.3622 0 1.0000 0 1.0000 400 1442646 1000000.0000 61.156700 1006.0000 247 1006.0000 1006.0000 0.8394 2.3900 0.0000 4 2 49.5013 1 2 30.3301 15 2 17.7786 0 1.0000 0 1.0000 401 1442647 1000000.0000 61.157450 1021.0000 247
0 1.0000 0 1.0000 448 1445029 1000000.0000 61.133530 977.0000 247 977.0000 977.0000 0.8653 0.0000 0.0000 0 2 47.7965 1 2 34.1178 15 2 18.0857 0 1.0000 0 1.0000 449 1445030 1000000.0000 61.134300 889.0000 247 889.0000 889.0000 0.8656 0.0000 0.0000 16 2 43.3904 15 2 30.1299 1 2 26.4796 0 1.0000 0 1.0000 450 1445031 1000000.0000 61.135060 820.0000 247 820.0000 820.0000 0.8632 0.8000 0.0000 15 1 33.3466 1 1 33.3244 16 1 32.5290 0 1.0000 0 1.0000 451
2 36.9089 1 2 19.8874 0 1.0000 0 1.0000 498 1446238 1000000.0000 61.135060 1019.0000 247 1019.0000 1019.0000 0.8206 1.7000 0.0000 15 1 49.4493 16 1 36.7156 1 1 12.1352 0 1.0000 0 1.0000 499 1446239 1000000.0000 61.135780 1037.0000 247 1037.0000 1037.0000 0.8168 0.0000 0.0000 15 1 49.9314 1 1 26.0873 16 1 23.9813 0 1.0000 0 1.0000 500 1447363 1000000.0000 61.068910 1654.0000 246 1654.0000 1654.0000 1.2404 0.0000 0.0000 5 2 86.4000 4 2 13.6000 2 2 0.0000
0.0000 0 1 62.6523 1 1 21.6732 3 1 15.6746 0 1.0000 0 1.0000 548 1448611 1000000.0000 61.104420 996.0000 247 996.0000 996.0000 0.8711 0.0000 0.0000 0 1 44.7296 1 1 39.7291 4 1 15.5413 0 1.0000 0 1.0000 549 1448612 1000000.0000 61.105190 1023.0000 247 1023.0000 1023.0000 0.8644 0.0000 0.0000 0 2 40.6200 4 2 35.2600 1 2 24.1200 0 1.0000 0 1.0000 550 1448613 1000000.0000 61.105960 1023.0000 247 1023.0000 1023.0000 0.8656 0.0000 0.0000 0 2 44.1100 4
247 932.0000 932.0000 0.8371 33.0100 0.0000 16 5 31.6303 1 5 25.0150 15 5 10.3447 0 1.0000 0 1.0000 598 1449822 1000000.0000 61.107510 946.0000 247 946.0000 946.0000 0.8327 1.3400 0.0000 1 5 40.1135 16 5 30.7309 15 5 27.8156 0 1.0000 0 1.0000 599 1449823 1000000.0000 61.108240 955.0000 247 955.0000 955.0000 0.8295 1.4500 0.0000 1 5 42.4249 16 5 33.2824 15 5 22.8428 0 1.0000 0 1.0000 600 1449824 1000000.0000 61.108970 996.0000 247 996.0000 996.0000 0.8258 0.2100
647 1452197 1000000.0000 61.078390 912.0000 247 912.0000 912.0000 0.8806 2.2900 0.0000 7 2 44.3131 1 2 37.4411 8 2 15.9559 0 1.0000 0 1.0000 648 1452198 1000000.0000 61.079150 961.0000 247 961.0000 961.0000 0.8798 1.9500 0.0000 1 2 45.8832 7 2 34.8572 6 2 17.3096 0 1.0000 0 1.0000 649 1452199 1000000.0000 61.079920 992.0000 247 992.0000 992.0000 0.8770 16.0200 0.0000 1 2 47.7809 0 2 28.3850 4 2 7.8141 0 1.0000 0 1.0000 650 1452200 1000000.0000 61.080680 985.0000
14.3462 0 1.0000 0 1.0000 697 1453410 1000000.0000 61.082870 1155.0000 246 1155.0000 1155.0000 0.8381 0.0000 0.0000 4 2 54.4400 0 2 45.5600 2 2 0.0000 0 1.0000 0 1.0000 698 1454537 1000000.0000 61.019000 1791.0000 246 1791.0000 1791.0000 1.2652 0.0000 0.0000 5 2 100.0000 1 2 0.0000 2 2 0.0000 0 1.0000 0 1.0000 699 1454538 1000000.0000 61.019890 1821.0000 246 1821.0000 1821.0000 1.2718 0.0000 0.0000 5 2 100.0000 1 2 0.0000 2 2 0.0000 0 1.0000 0 1.0000
6 2 14.7971 10 2 12.8012 0 1.0000 0 1.0000 747 1455785 1000000.0000 61.053870 743.0000 248 743.0000 743.0000 0.8821 22.0300 0.0000 3 2 56.6098 16 2 11.3123 0 2 10.0479 0 1.0000 0 1.0000 748 1455786 1000000.0000 61.054630 852.0000 247 852.0000 852.0000 0.8833 0.0000 0.0000 8 2 47.4311 7 2 32.9066 3 2 19.6623 0 1.0000 0 1.0000 749 1455787 1000000.0000 61.055390 944.0000 247 944.0000 944.0000 0.8774 0.0000 0.0000 1 1 33.7854 7 1 33.7053 8 1
0.0000 0.0000 5 2 91.7900 4 2 8.2100 2 2 0.0000 0 1.0000 0 1.0000 797 1458128 1000000.0000 60.997540 1198.0000 246 1198.0000 1198.0000 1.2093 0.0000 0.0000 0 2 64.1500 4 2 23.0200 5 2 12.8300 0 1.0000 0 1.0000 798 1458129 1000000.0000 60.998420 1028.0000 247 1028.0000 1028.0000 1.1824 3.8500 0.0000 0 1 46.8876 4 1 44.7160 1 1 4.5465 0 1.0000 0 1.0000 799 1458130 1000000.0000 60.999290 1132.0000 247 1132.0000 1132.0000 1.1960 0.0000 0.0000 0 2 68.2826
971.0000 247 971.0000 971.0000 0.8726 5.0900 0.0000 15 5 42.7286 7 5 28.3583 16 5 23.8231 0 1.0000 0 1.0000 847 1460494 1000000.0000 60.957950 1407.0000 246 1407.0000 1407.0000 1.4414 0.0000 0.0000 4 2 78.5300 5 2 16.1800 0 2 5.2900 0 1.0000 0 1.0000 848 1460495 1000000.0000 60.958890 1101.0000 247 1101.0000 1101.0000 1.5061 0.2800 0.0000 0 1 50.8400 4 1 40.7300 1 1 8.1500 0 1.0000 0 1.0000 849 1460496 1000000.0000 60.959820 1477.0000 246 1477.0000 1477.0000 1.4140
1.0000 896 1461763 1000000.0000 61.011460 713.0000 248 713.0000 713.0000 0.8961 0.0000 0.0000 6 2 42.2240 7 2 35.9642 8 2 21.8118 0 1.0000 0 1.0000 897 1461764 1000000.0000 61.012210 578.0000 249 578.0000 578.0000 0.8945 1.7200 0.0000 8 2 36.2012 6 2 33.9300 9 2 28.1488 0 1.0000 0 1.0000 898 1461765 1000000.0000 61.012960 627.0000 249 627.0000 627.0000 0.8929 2.0500 0.0000 7 2 38.0388 8 2 37.4049 10 2 22.5063 0 1.0000 0 1.0000 899 1461766 1000000.0000 61.013700
2 9.0054 0 1.0000 0 1.0000 946 1464080 1000000.0000 60.932140 1066.0000 247 1066.0000 1066.0000 1.5511 0.0000 0.0000 15 2 55.8335 4 2 27.8953 1 2 16.2712 0 1.0000 0 1.0000 947 1464081 1000000.0000 60.933070 1003.0000 247 1003.0000 1003.0000 1.5964 0.9600 0.0000 4 1 42.1645 15 1 28.5650 1 1 28.3105 0 1.0000 0 1.0000 948 1464082 1000000.0000 60.934000 1104.0000 247 1104.0000 1104.0000 1.4882 0.0000 0.0000 4 2 64.6563 15 2 19.4076 1 2 15.9362 0 1.0000 0
60.8888 5 2 23.2281 0 2 15.8831 0 1.0000 0 1.0000 996 1465300 1000000.0000 60.945760 1121.0000 247 1121.0000 1121.0000 1.1400 0.0000 0.0000 0 2 47.5445 4 2 26.2671 15 2 26.1884 0 1.0000 0 1.0000 997 1465301 1000000.0000 60.946630 1052.0000 247 1052.0000 1052.0000 1.1316 0.0000 0.0000 15 2 36.6503 4 2 36.0113 0 2 27.3384 0 1.0000 0 1.0000 998 1465302 1000000.0000 60.947490 934.0000 247 934.0000 934.0000 1.1162 2.7000 0.0000 15 2 58.9216 16 2 19.4692 4
0.8996 2.4500 0.0000 8 1 42.1357 9 1 31.7325 12 1 23.6818 0 1.0000 0 1.0000 1046 1466548 1000000.0000 60.979430 607.0000 249 607.0000 607.0000 0.8975 0.0000 0.0000 9 1 40.7524 8 1 35.8262 7 1 23.4214 0 1.0000 0 1.0000 1047 1466549 1000000.0000 60.980170 761.0000 248 761.0000 761.0000 0.8939 0.0000 0.0000 7 2 46.9345 8 2 32.0930 9 2 20.9725 0 1.0000 0 1.0000 1048 1466550 1000000.0000 60.980900 862.0000 247 862.0000 862.0000 0.8888 0.0000 0.0000 7 5
60.897420 1351.0000 246 1351.0000 1351.0000 1.5974 1.4000 0.0000 4 2 57.9400 5 2 40.6600 2 2 0.0000 0 1.0000 0 1.0000 1096 1468862 1000000.0000 60.898340 1130.0000 247 1130.0000 1130.0000 1.5194 0.0000 0.0000 4 2 70.5106 15 2 16.6157 16 2 12.8737 0 1.0000 0 1.0000 1097 1468863 1000000.0000 60.899270 954.0000 247 954.0000 954.0000 1.5171 3.4800 0.0000 15 1 42.4338 16 1 30.3224 1 1 23.7637 0 1.0000 0 1.0000 1098 1468864 1000000.0000 60.900190 965.0000 247 965.0000 965.0000
0 1.0000 1145 1498794 1000000.0000 60.723770 1086.0000 247 1086.0000 1086.0000 1.1487 14.4100 0.0000 0 2 67.2533 1 2 9.8478 7 2 8.4889 0 1.0000 0 1.0000 1146 1498795 1000000.0000 60.724540 1022.0000 247 1022.0000 1022.0000 1.1468 1.3000 0.0000 0 5 44.6710 1 5 31.1744 4 5 22.8546 0 1.0000 0 1.0000 1147 1498796 1000000.0000 60.725320 965.0000 247 965.0000 965.0000 1.1597 0.0000 0.0000 7 1 45.9365 8 1 30.4534 1 1 23.6100 0 1.0000 0 1.0000 1148 1499985 1000000.0000
8 5 15.1105 0 1.0000 0 1.0000 1195 1504764 1000000.0000 60.675190 1065.0000 247 1065.0000 1065.0000 1.1591 3.4600 0.0000 0 2 76.2110 15 2 11.5528 1 2 8.7762 0 1.0000 0 1.0000 1196 1504765 1000000.0000 60.675970 1046.0000 247 1046.0000 1046.0000 1.1664 0.0000 0.0000 0 2 59.2459 7 2 23.9510 4 2 16.8031 0 1.0000 0 1.0000 1197 1504766 1000000.0000 60.676760 1004.0000 247 1004.0000 1004.0000 1.2070 0.0000 0.0000 1 2 43.6464 16 2 28.2646 7 2 28.0890 0 1.0000
1 26.5428 8 1 21.9781 1 1 15.3191 0 1.0000 0 1.0000 1245 1508358 1000000.0000 60.655380 851.0000 248 851.0000 851.0000 1.2364 41.2900 0.0000 7 1 22.0994 1 1 20.5438 8 1 16.0668 0 1.0000 0 1.0000 1246 1508359 1000000.0000 60.656140 852.0000 248 852.0000 852.0000 1.2255 6.3800 0.0000 7 1 49.8625 1 1 23.0050 8 1 20.7525 0 1.0000 0 1.0000 1247 1508360 1000000.0000 60.656900 881.0000 247 881.0000 881.0000 1.2128 8.1800 0.0000 7 1 45.1717 8 1 31.5644
942.0000 1.2270 2.1700 0.0000 7 2 66.0567 1 2 19.6854 8 2 12.0879 0 1.0000 0 1.0000 1295 1511939 1000000.0000 60.625490 914.0000 247 914.0000 914.0000 1.2285 0.0000 0.0000 7 2 61.5608 8 2 30.5385 6 2 7.9007 0 1.0000 0 1.0000 1296 1511940 1000000.0000 60.626270 835.0000 248 835.0000 835.0000 1.2372 0.0000 0.0000 7 1 60.6568 8 1 28.8152 6 1 10.5280 0 1.0000 0 1.0000 1297 1511941 1000000.0000 60.627040 784.0000 248 784.0000 784.0000 1.2369 7.2200 0.0000 7
1000000.0000 60.611460 747.0000 248 747.0000 747.0000 1.2035 73.6500 0.0000 7 1 12.5369 8 1 6.9816 12 1 6.8315 0 1.0000 0 1.0000 1345 1514335 1000000.0000 60.612220 757.0000 248 757.0000 757.0000 1.2058 41.6500 0.0000 8 1 29.8633 7 1 18.3910 12 1 10.0956 0 1.0000 0 1.0000 1346 1514336 1000000.0000 60.612980 898.0000 247 898.0000 898.0000 1.2125 0.0000 0.0000 7 1 61.0255 8 1 24.0258 1 1 14.9487 0 1.0000 0 1.0000 1347 1514337 1000000.0000 60.613740 901.0000 247 901.0000
1.0000 0 1.0000 1394 1516720 1000000.0000 60.590530 1003.0000 247 1003.0000 1003.0000 1.1929 10.7800 0.0000 7 2 47.7888 6 2 22.5392 4 2 18.8920 0 1.0000 0 1.0000 1395 1516721 1000000.0000 60.591300 987.0000 247 987.0000 987.0000 1.1964 0.0000 0.0000 7 2 60.8550 0 2 19.7315 6 2 19.4135 0 1.0000 0 1.0000 1396 1516722 1000000.0000 60.592060 1031.0000 247 1031.0000 1031.0000 1.1947 0.0000 0.0000 4 2 49.2224 0 2 41.1794 7 2 9.5982 0 1.0000 0 1.0000 1397 1516723
23.8507 6 2 16.5226 0 1.0000 0 1.0000 1444 1517935 1000000.0000 60.596500 564.0000 250 564.0000 564.0000 1.0862 0.0000 0.0000 7 2 36.1163 9 2 33.9173 8 2 29.9665 0 1.0000 0 1.0000 1445 1517936 1000000.0000 60.597230 400.0000 252 400.0000 400.0000 1.0761 0.0000 0.0000 1 5 39.9365 3 5 33.5824 11 5 26.4812 0 1.0000 0 1.0000 1446 1517937 1000000.0000 60.597940 496.0000 251 496.0000 496.0000 1.0689 0.0000 0.0000 9 1 35.2721 8 1 32.4658 3 1 32.2621 0
4 2 87.1900 1 2 0.0000 2 2 0.0000 0 1.0000 0 1.0000 1494 1520315 1000000.0000 60.571300 1048.0000 247 1048.0000 1048.0000 1.1983 1.5500 0.0000 4 2 94.8900 0 2 3.5600 2 2 0.0000 0 1.0000 0 1.0000 1495 1520316 1000000.0000 60.572040 1035.0000 247 1035.0000 1035.0000 1.1668 9.0900 0.0000 4 2 86.4000 0 2 3.7700 1 2 0.7400 0 1.0000 0 1.0000 1496 1520317 1000000.0000 60.572780 1052.0000 247 1052.0000 1052.0000 1.1456 0.0400 0.0000 4 2 77.7256 0 2
1060.0000 1060.0000 1.2220 2.5200 0.0000 0 2 51.4730 4 2 30.1806 7 2 15.8264 0 1.0000 0 1.0000 1544 1522695 1000000.0000 60.545850 1021.0000 247 1021.0000 1021.0000 1.2286 5.7100 0.0000 7 2 34.8156 15 2 33.2175 4 2 26.2570 0 1.0000 0 1.0000 1545 1522696 1000000.0000 60.546620 1002.0000 247 1002.0000 1002.0000 1.2532 1.9100 0.0000 4 2 48.8493 15 2 25.5179 7 2 23.7227 0 1.0000 0 1.0000 1546 1522697 1000000.0000 60.547390 854.0000 248 854.0000 854.0000 1.2941 0.0000 0.0000
1523909 1000000.0000 60.551080 604.0000 250 604.0000 604.0000 1.1031 0.0000 0.0000 8 1 51.2923 7 1 34.5468 9 1 14.1609 0 1.0000 0 1.0000 1594 1523910 1000000.0000 60.551800 396.0000 252 396.0000 396.0000 1.0942 0.0000 0.0000 8 1 41.9339 9 1 30.5871 6 1 27.4790 0 1.0000 0 1.0000 1595 1523911 1000000.0000 60.552520 344.0000 253 344.0000 344.0000 1.0830 4.6600 0.0000 12 1 35.3089 10 1 35.0723 8 1 24.9587 0 1.0000 0 1.0000 1596 1523912 1000000.0000 60.553240 337.0000 253
0 1.0000 0 1.0000 1643 1526294 1000000.0000 60.529560 613.0000 250 613.0000 613.0000 1.1588 0.0000 0.0000 8 1 61.6368 7 1 24.0409 6 1 14.3223 0 1.0000 0 1.0000 1644 1526295 1000000.0000 60.530300 603.0000 250 603.0000 603.0000 1.1445 0.0000 0.0000 8 1 41.6045 7 1 33.5075 6 1 24.8881 0 1.0000 0 1.0000 1645 1526296 1000000.0000 60.531030 568.0000 250 568.0000 568.0000 1.1320 0.0800 0.0000 7 1 36.5039 8 1 33.8483 6 1 29.5678 0 1.0000 0 1.0000 1646
